          coverage90   width90     brier  prevalence_brier
context                                                   
FAC         0.928571  0.382345  0.000011          0.000000
OLA-IBET    0.925000  0.351182  0.130272          0.211684
 context  generation  n  coverage90  width90        brier  prevalence_brier  positives
     FAC           1  7    1.000000 0.442901 3.554408e-06          0.000000          0
     FAC           2  7    1.000000 0.400464 4.049283e-05          0.000000          0
     FAC           3  7    0.714286 0.341465 1.206196e-07          0.000000          0
     FAC           4  7    1.000000 0.344552 2.943417e-07          0.000000          0
OLA-IBET           1 10    1.000000 0.383862 7.646507e-02          0.250000          3
OLA-IBET           2 10    1.000000 0.347710 7.535213e-02          0.220000          3
OLA-IBET           3 10    0.800000 0.339377 1.328318e-01          0.161111          2
OLA-IBET           4 10    0.900000 0.333779 2.364398e-01          0.215625          3
 context  abstention_cost  observations  accepted  coverage_fraction  accepted_errors  accepted_error_rate  total_realized_loss
     FAC             0.01            28        27           0.964286                0             0.000000             0.000357
     FAC             0.05            28        28           1.000000                0             0.000000             0.000000
     FAC             0.10            28        28           1.000000                0             0.000000             0.000000
     FAC             0.20            28        28           1.000000                0             0.000000             0.000000
     FAC             0.30            28        28           1.000000                0             0.000000             0.000000
     FAC             0.50            28        28           1.000000                0             0.000000             0.000000
OLA-IBET             0.01            40        11           0.275000                0             0.000000             0.007250
OLA-IBET             0.05            40        16           0.400000                0             0.000000             0.030000
OLA-IBET             0.10            40        20           0.500000                1             0.050000             0.075000
OLA-IBET             0.20            40        31           0.775000                4             0.129032             0.145000
OLA-IBET             0.30            40        35           0.875000                4             0.114286             0.137500
OLA-IBET             0.50            40        40           1.000000                7             0.175000             0.175000
